10011000 00001001 00000001 00000001
01101001 11000111 00110101 10001101
10011000 00000110 00000000 00000011
01110000 01110010 01101111 01100111
01110010 01100001 01101101 00101110
01101101 01101101 01110011 00000000
10011000 00000111 00000000 00000011
01001000 01100101 01101100 01101100
10011000 00000111 00000000 00000011
01101111 00100000 01110111 01101111
10011000 00000111 00000000 00000011
01110010 01101100 01100100 00100001
10011000 00000111 00000000 00000011
00001010 00000000 00000000 00000000
10011000 00001010 00000000 11111111
00000000 00000000 00000000 00000000
00000000 00000000 00000000 00010000
10011000 00001011 00000000 00000000
00100000 00111010 01000000 01010000
00010000 01000000 01000000 00100000
01001101 00100000 01100001 00100000
01101001 00000001 01101110 00010000
10000001 00010000 01000000 01000000
00100000 01010100 00100000 01100101
00100000 01111000 00000001 01110100
00000000 10000010 00000000 00000000
10011000 00001100 00000000 00001000
